59
1.342005
0.160620
0.857869
0.501515
0.251123
0.736545
0.191499
0.120644
0.117433
0.229366
0.300012
0.130157
0.540265
0.293318
0.188696
0.282046
0.276106
0.355114
0.124206
0.142629
0.115617
0.609728
0.222421
0.222147
0.339417
0.231694
0.139728
0.272767
0.243621
0.362357
0.230073
0.303567
0.264846
0.153977
0.185263
0.277139
0.162444
0.244619
0.177798
0.335337
0.251142
0.284523
0.162670
0.252158
0.612559
0.318869
0.284840
0.249092
0.780788
0.315040
0.235914
0.257569
0.316021
0.164635
0.292785
0.294878
0.293527
0.145709
0.208223
