101
0.450160
0.724454
0.354261
0.342446
0.350610
0.297313
0.133958
0.245170
0.690873
0.089487
0.328914
0.211491
0.489909
0.388689
0.759428
1.004153
0.318574
0.176740
0.357801
0.215601
0.124303
0.109283
0.085487
0.103537
0.100294
0.086054
0.183810
0.091898
0.069085
0.270488
0.039957
0.338017
0.460761
0.241797
0.299222
0.547838
0.082637
0.145796
0.101366
0.539566
1.035621
0.257477
0.769509
0.239119
0.213615
0.161571
0.187962
0.221092
0.072394
0.296288
0.241363
0.241830
0.258312
0.269108
0.245441
0.263830
0.147436
0.263370
0.295484
0.269478
0.175076
0.319546
0.145784
0.339415
0.207905
0.371979
0.104524
0.055029
0.058757
0.031952
0.076008
0.067508
0.087446
0.053279
0.378217
0.070521
0.268982
0.188821
0.116312
0.152188
0.406423
0.150992
0.071880
0.204537
0.373222
0.431332
0.185101
0.169079
0.262956
0.344081
0.144753
0.321584
0.276806
0.230810
0.156823
0.340368
0.243987
0.183440
0.130185
0.035878
0.430631
