78
3.920498
12.248343
5.474785
5.788840
79.986891
17.254255
2.861213
11.776343
390.713670
7.056237
6.433115
15.717811
14.999008
7.745526
17.475737
53.063907
2.912922
246.649502
17.720197
14.148331
3.766887
2.712231
5.189889
1.167860
4.059415
4.966427
3.728185
3.578710
1552.406585
6.849608
1.729867
2.770041
4.380414
6.903678
3.902023
7.825097
8.785932
33.609190
2.426939
4.028121
3.882039
3.934772
5.102130
3.997201
7.953863
8.626597
2.238366
15.495045
3.186859
3.718817
3.591916
2.689317
3.659274
5.307644
4.325109
0.990787
7.852192
4.529856
2.572620
6.800532
8.476708
3.797839
3.378661
1.238619
2.986227
5.309693
1.910663
5.118264
0.794273
4.117653
1.917163
7.606614
4.898715
8.609182
2.938270
4.602397
1.119147
7.897569
