83
0.712229
0.352781
0.316949
0.107306
0.504717
0.164034
0.135126
0.448176
0.132809
0.322833
0.036102
0.844039
0.187941
0.184893
0.468483
0.082252
0.424097
0.283438
0.506563
0.179347
0.180488
0.184498
0.298966
0.257509
0.186968
0.223055
0.143989
0.127031
0.418820
0.104507
0.656528
0.087964
0.051243
0.112413
0.154760
0.164591
0.347231
0.081230
0.232130
0.073171
0.156987
0.138712
0.094995
0.010773
0.130806
0.121805
0.030121
0.379835
0.039076
0.045565
0.053437
0.078408
0.081759
0.416401
0.047287
0.020498
0.118328
0.050846
0.152832
0.092208
0.068171
0.100759
0.039975
0.048475
0.060268
0.557824
0.313947
0.201859
0.283887
0.253961
0.143140
0.108572
0.076530
0.244100
0.165644
0.021327
0.126048
0.172690
0.115238
0.054208
0.053360
0.218049
0.124382
