92
45.861381
2.900568
3.057099
2.612581
1.524684
0.601860
0.557418
0.705462
2.161694
1.597897
1.649837
2.116711
4.724833
3.183796
3.261359
3.306616
3.664844
4.657902
3.433239
3.316923
3.462248
3.494468
4.598591
3.794646
3.202336
3.479342
3.562779
4.499569
6.978202
5.423594
7.047630
4.886259
3.154831
4.223333
3.114145
3.130872
2.935854
3.048936
3.170879
4.251719
3.034183
1.793663
1.413420
0.525031
1.473109
2.689895
0.443631
0.516980
20.338741
20.628625
10.133686
2.868228
2.505702
3.285339
2.823866
2.993493
5.839102
7.073918
6.001172
3.557372
9.463411
2.738931
2.752367
6.297345
4.608695
6.171800
3.412137
6.738808
5.336819
2.889919
1.727565
2.780262
2.377355
1.102683
1.028639
2.544555
2.491819
1.459730
1.483283
2.903661
2.184133
2.496330
7.007328
2.609412
2.266391
1.437401
1.362800
2.427967
2.753574
2.280419
5.245014
2.745255
