62
0.176224
0.456015
3.035073
10.798214
11.957832
11.887015
0.229892
0.429889
0.144514
0.088899
0.367676
0.067273
0.632254
0.336872
0.533958
0.131491
0.140681
0.227259
0.493221
0.598664
0.402653
0.282948
0.177561
0.338966
0.342468
0.078919
0.261250
0.683868
0.400149
0.103205
0.110605
0.125670
0.485606
0.335478
0.357368
0.466353
0.512210
0.094254
0.516026
0.061713
0.095547
0.064872
0.102216
0.078749
0.092602
0.074479
0.133151
0.495512
0.467362
0.379459
0.650617
0.712535
0.601936
0.839472
0.724116
0.191346
0.544666
0.400450
0.156143
0.291738
0.513016
0.438699
