91
0.611223
0.596561
0.991329
0.871685
1.951865
0.867944
1.014505
1.316816
1.962143
2.069815
1.931893
1.977455
1.204467
1.113761
1.519355
2.255999
1.853686
0.622451
1.071206
0.109378
3.053422
2.299539
2.364505
1.178325
0.630655
0.421974
1.523735
0.651928
0.180940
0.316997
0.265135
0.088149
0.694329
0.342331
1.810348
0.051313
1.181816
1.720072
1.223305
0.140109
2.272197
0.912828
0.283191
1.476756
0.538538
0.866936
0.354312
0.447309
0.583346
0.333722
0.845968
0.269859
0.468808
1.425014
0.997341
0.134083
0.160084
1.344441
1.782031
0.717223
0.184853
0.530207
0.417976
1.173119
1.153445
0.004468
0.715221
0.647033
0.893729
0.451350
0.213941
0.659313
0.854305
0.445270
0.530285
0.969899
0.952811
0.959229
1.101145
0.798380
0.695338
0.278126
0.854467
0.788311
0.748118
0.916979
0.863557
0.800341
0.457362
1.190566
0.423530
