89
0.612519
0.221708
0.405433
1.000427
1.621700
0.608718
0.527335
1.207755
1.581835
0.952390
0.293129
0.837179
0.630031
0.284019
0.446628
1.052576
0.116385
0.668167
0.263410
0.311666
1.157489
1.040546
0.416621
0.328994
1.485904
0.319779
0.889857
0.835027
0.556527
0.634534
1.059336
1.217513
1.046837
0.260416
0.806083
1.193318
0.999018
0.557148
1.385663
7.337098
0.779194
0.487014
0.599513
0.238515
0.542751
1.004941
0.745566
0.641187
0.402429
0.928058
0.684607
1.127937
1.457561
1.183944
1.218852
0.418223
0.463684
0.251949
0.606338
0.312586
0.291079
1.057698
0.798442
0.718449
0.746991
0.685343
0.249964
0.271442
0.383287
0.369683
0.133504
0.530058
1.391422
0.192228
0.121894
0.446103
1.150615
0.470223
0.396614
0.616424
0.441784
1.161108
1.395868
0.317667
0.263773
0.793346
0.181878
0.321198
1.090873
