69
0.554843
0.806923
0.039638
0.797581
3.807397
1.029278
0.476044
3.193415
1.162017
0.506690
0.583374
0.620095
2.027617
2.280358
3.090021
0.086128
0.272239
0.517748
0.016986
0.070767
0.145277
0.073486
0.094636
0.017361
0.093192
0.102152
0.023338
0.038989
0.662443
0.100023
0.070233
0.139031
0.099541
0.084039
0.048506
0.016957
0.196795
0.016988
0.272803
0.033774
0.055368
0.055323
0.038947
0.032718
0.037003
0.042179
0.015613
0.072489
0.020653
0.037591
0.034276
0.036481
0.170413
0.217310
0.016520
0.002537
0.015806
0.001000
0.001479
0.045269
0.049414
0.036232
0.088102
0.032311
0.023045
0.187078
0.017390
0.057995
0.023650
