60
0.257446
0.537503
1.227998
1.267858
1.436996
1.218054
0.830116
1.720651
0.827801
0.832184
1.440517
0.465595
0.340973
1.969710
0.811287
1.510971
1.497599
3.042437
0.223669
1.146848
0.688246
0.705450
1.540576
2.020597
0.615577
0.670939
0.682983
0.782948
0.335915
0.587932
0.826481
1.374150
1.379854
1.541711
1.924137
1.451267
1.343031
1.798801
1.353942
0.957515
0.702086
1.453082
1.649060
1.419187
1.338294
0.349823
1.527378
0.297157
1.889287
0.641861
1.271438
1.408060
1.014550
0.582178
0.642824
0.676418
0.899241
0.416513
0.480378
1.822262
