142
4.152383
1.353050
2.594466
3.469815
6.670225
6.471262
5.088975
4.832267
4.381924
1.224539
1.506190
2.474891
1.474688
1.622185
2.845593
1.602970
0.615295
0.864342
0.904298
1.025736
3.066596
1.641916
1.282463
1.923016
2.568441
1.625688
3.350673
1.159718
4.726810
1.766868
1.811947
2.124467
6.297726
3.468745
3.663121
3.339784
2.508634
2.182540
0.832358
2.553345
1.213254
1.430045
1.463324
1.225623
1.698095
1.664945
2.727158
1.883509
1.955824
2.682564
2.018976
1.814553
1.842095
2.000412
2.018817
1.835431
2.054899
2.368175
1.650309
1.705323
2.378283
3.871282
1.573440
3.192891
7.187407
1.147453
2.122972
8.873885
1.505992
4.808132
3.636223
3.785287
0.898336
10.239338
7.265233
0.603237
0.980794
1.979618
1.547705
2.133423
4.773152
4.913974
0.824273
1.748357
3.086037
1.197250
2.821791
2.102674
2.709751
0.813579
2.189145
0.455560
2.413215
1.764548
1.190912
1.671751
0.713104
2.139390
2.000365
2.296481
0.678520
4.650128
2.001940
2.331840
1.025754
0.446009
1.141932
1.196748
1.236847
0.493067
0.518950
0.957068
0.995029
2.509850
0.606735
0.777754
0.642282
0.787175
1.414825
1.893710
2.118013
1.815589
1.428706
1.901028
1.841965
2.174226
2.544010
0.945100
1.461213
0.525478
2.072531
1.684959
1.471798
1.685320
1.681649
2.082273
3.233760
1.860172
0.745385
0.761771
1.197607
4.710375
