62
2.063806
1.776776
2.125369
0.488597
2.132826
0.504334
12.336745
2.371543
2.059502
2.905729
1.646078
2.035809
0.616856
1.664470
0.940789
1.074376
1.558934
2.027459
0.603683
2.460608
1.790477
1.761645
3.830007
1.919406
1.812713
3.440975
1.973908
1.857010
2.092214
3.478870
1.836221
1.855470
1.333276
3.218278
1.949953
1.347078
0.376099
1.331158
2.910668
0.789410
1.115074
4.907155
1.135396
1.894953
0.459388
1.475816
1.338667
2.661943
2.091571
2.811189
4.712998
4.002444
0.353540
2.883252
1.486396
2.802263
1.111707
0.761094
3.342907
1.410824
0.404493
1.103486
