64
7.359291
16.278520
5.625899
4.807060
6.402286
5.002428
4.029367
1.019995
31.630151
25.381330
1.560625
5.074031
9.168270
2.064889
8.323980
5.388451
0.930485
1.221497
2.126809
9.756112
11.793940
2.494459
2.685104
12.148661
10.817538
23.192607
9.078335
4.139570
1.667571
9.674077
1.636534
1.066908
0.859155
0.508965
47.073689
1.735948
8.254517
3.867388
10.522416
6.742524
1.231125
7.615706
1.461191
5.647321
15.703517
4.918187
9.634797
1.901653
6.198514
4.821768
3.395019
2.339934
5.616623
2.964934
1.206105
4.448591
2.776587
2.472994
4.948166
3.433194
0.863647
5.689627
1.773057
6.718733
