60
19.237613
15.469541
26.672040
19.977217
69.317579
26.580521
11.185896
25.093726
11.670073
29.823763
33.972433
4.620262
26.214323
20.747738
19.769064
3.469815
30.900686
12.650068
16.886983
18.654427
15.285065
15.941141
14.706944
13.724275
18.310721
15.825284
22.648804
21.137793
15.600114
10.759759
34.423883
28.480153
29.541033
19.560148
7.104748
4.748896
29.411987
3.676868
22.761911
5.588603
1.648626
16.828524
19.564301
3.856848
3.236044
14.027720
9.707367
26.504335
16.368353
3.446716
3.920802
8.745501
14.330075
4.853593
4.612436
13.627195
4.340094
4.527982
7.257271
26.807818
