68
9.272084
9.819130
4.976567
3.784392
2.283201
2.486112
2.171987
1.446809
8.455167
3.140761
1.153368
1.467777
2.490038
2.446807
13.386426
1.069760
24.011525
6.946012
2.271805
1.122896
2.832756
1.311689
3.006381
2.448954
0.557758
0.826113
1.806307
1.041874
0.724415
3.811076
1.404120
1.208723
2.814355
0.672188
1.621221
0.716728
0.773780
1.103696
3.572492
1.311760
0.786100
1.183740
1.266399
1.857710
1.473408
2.766909
2.377515
0.457738
1.279074
1.932391
2.826447
2.553456
2.949692
2.116108
1.125172
2.011006
1.546862
2.223672
0.672477
1.116804
1.972304
2.132146
1.503587
2.109561
0.543226
1.316616
3.251374
0.368748
