76
87.891338
3.585269
3.477249
4.385235
3.921749
2.801485
5.495286
3.579156
3.476646
4.772619
5.872064
3.869460
5.479184
4.782492
5.812885
5.778594
10.717394
8.452410
8.798809
13.160874
8.967372
9.402552
12.371599
11.693243
8.824772
9.272254
4.343611
11.516856
6.458288
13.031191
9.351402
8.316356
9.485429
12.066960
11.003653
7.443596
9.856856
8.728604
15.007591
6.145409
15.052272
5.791337
5.997224
6.660142
8.459387
5.499109
7.371638
14.286447
6.152247
6.003150
6.417708
12.122112
14.624963
12.189327
8.484915
9.948461
6.605905
7.511742
7.548779
6.929504
11.077931
4.256891
7.643186
10.862285
5.584190
12.323819
11.279877
9.779049
7.690403
6.199080
5.540019
6.486915
8.968891
4.230395
6.298137
6.550724
