70
0.392937
0.183322
0.751575
0.296099
0.124098
0.121535
0.256577
0.123904
0.367018
0.166144
0.425672
0.129173
0.152594
0.237227
0.474063
0.059422
0.291185
0.200003
0.111354
0.076987
0.117003
0.134920
0.615452
0.430357
0.128885
0.410305
0.305490
0.336197
0.110625
0.110984
0.297294
0.610686
0.185510
0.484249
0.360022
0.116357
0.139972
0.200858
0.361847
0.234352
0.113477
0.088065
0.076350
0.085829
0.103716
0.182697
0.092992
0.426264
0.053716
0.151460
0.126909
0.117841
0.119807
0.153243
0.123493
0.128053
0.138744
0.112591
0.105242
0.088430
0.113757
0.070936
0.060228
0.102279
0.107014
0.113939
0.159964
0.196160
0.154042
0.153221
