62
8.024554
2.967934
4.103431
4.209404
0.449787
0.374036
0.249986
0.403005
0.669270
0.541112
0.656559
52.944994
4.725148
4.673870
4.723944
0.900038
2.184195
1.430676
1.276771
1.275451
1.441933
32.097350
4.990992
2.158523
2.151730
4.236252
3.148835
3.364990
3.245095
3.596913
2.649857
2.937275
1.992938
3.536096
2.978827
3.109384
2.950151
2.571875
1.261670
3.512940
2.293508
2.611177
4.325593
3.071314
1.453636
2.986496
2.820215
3.580814
3.637810
4.776945
1.952381
2.423192
9.428624
2.656521
2.923163
3.642807
3.173144
2.837738
1.230368
3.253193
1.255459
2.847581
