80
0.977404
0.326116
4.269817
0.182592
3.394874
2.222303
2.602875
1.183259
2.198457
3.364774
2.839235
0.301488
0.223847
0.265376
0.177897
0.369101
1.724221
0.454973
0.564468
0.538047
0.503225
0.308566
0.224634
0.212962
0.551733
0.240294
0.274761
0.544331
0.241144
0.097319
0.509716
1.525956
0.506416
0.152709
0.376033
0.419658
0.563763
0.397627
0.337329
2.865361
0.725977
0.832123
0.317639
0.508831
1.922436
0.429616
0.382515
0.339075
0.224042
0.260252
0.215789
0.949091
0.202995
0.120953
0.264781
0.510863
0.104259
0.192856
0.235124
0.326762
0.219657
0.230457
0.344404
0.606990
0.374898
0.288066
0.227220
0.134996
0.385111
0.292247
0.528033
0.370865
0.150262
0.130936
0.255964
0.228135
0.398552
0.148402
0.215583
0.746889
