72
2.496935
1.986668
3.207979
1.635525
1.964514
2.826698
2.357544
2.375807
3.164888
2.925171
1.746467
10.009989
1.662226
1.698783
1.935180
2.345261
1.656818
2.626968
2.974286
1.431391
2.638462
1.723401
3.107201
2.972825
3.541683
5.745701
3.532956
5.222333
8.298814
4.067668
6.028457
4.881419
5.199713
2.342795
2.966801
4.625384
2.549396
3.878623
5.964861
3.966140
1.345766
4.115847
4.722466
2.303058
5.557413
1.888982
7.038501
2.865786
0.790069
2.043813
2.295121
2.764280
1.494772
0.699489
1.682981
3.280908
2.183704
2.204301
1.342589
1.244833
3.974377
2.335815
2.880114
2.280273
1.024949
5.107198
2.962248
0.622863
9.301363
7.533879
1.195583
1.998212
