75
2.663071
0.026245
0.287334
0.063819
0.175982
0.020182
0.004489
0.244399
0.277299
0.923760
0.118803
0.840704
0.026545
0.019983
0.062949
0.105545
0.230801
0.201962
0.048907
0.137736
0.052654
0.085432
0.072502
0.073124
0.022939
0.072773
0.015561
0.024204
0.012033
0.025002
0.011144
0.135688
0.041927
0.085446
0.056610
0.077355
0.047784
0.044408
0.031974
0.028581
0.048935
0.060062
0.027618
0.021096
0.021940
0.122510
0.025957
0.018369
0.022690
0.027911
0.025483
0.026622
0.079287
0.070435
0.095237
0.012774
0.044058
0.027345
0.023543
0.046429
0.043086
0.031284
0.034271
0.015641
0.039379
0.077758
0.022294
0.025336
0.061880
0.064422
0.022387
0.031144
0.029076
0.022969
0.022346
