96
0.226235
0.126440
0.361573
0.418955
0.544691
0.406411
0.353160
0.248689
1.010901
0.106327
0.146634
0.925162
0.467774
0.173710
0.255556
0.612366
0.181437
0.272221
0.287389
0.922732
0.942999
0.157565
0.148764
0.180753
0.167582
0.306148
0.282335
0.225332
0.075379
0.204294
0.066642
0.033184
0.111764
0.313152
0.147601
0.154734
0.169041
0.428533
0.111910
0.153198
0.291411
5.155080
0.449539
0.175050
0.332789
0.180635
0.444644
0.131499
0.236089
0.410816
0.185767
0.161933
0.117077
0.274259
0.215468
0.391380
0.485514
0.502371
0.219006
0.046952
0.216532
0.143449
0.200452
0.130679
0.109246
0.281934
0.449000
0.054663
0.045567
0.068212
0.393202
0.297875
0.382024
0.147591
0.166256
0.131538
0.327856
0.325116
0.294548
0.235637
0.174939
0.052427
0.158275
0.236121
0.280538
0.048079
0.333459
0.181181
0.126514
0.133080
0.152998
0.143641
0.298365
0.136998
0.079400
0.149040
