65
1.190183
4.000384
15.785220
11.484894
0.900898
0.852017
1.771314
1.356519
1.276689
5.866099
1.292242
0.727834
7.798366
1.568891
1.016741
0.596223
0.920149
0.852516
0.423961
1.127577
2.366955
1.424663
1.274994
1.485035
0.787619
1.020772
1.549758
2.303171
0.558006
0.466793
0.802631
0.669330
1.497835
0.536437
1.312847
1.578193
1.251003
1.091017
1.257497
0.614773
0.570787
1.005125
1.211573
1.484856
1.611607
0.530350
1.813678
1.380117
1.121635
1.669722
0.542027
1.305453
1.569562
1.340401
0.587857
1.301574
1.162885
0.887741
1.328120
0.697109
0.955863
1.271492
1.738986
0.403048
1.298232
