93
48.338958
42.111755
14.972394
16.947555
1.423682
1.878245
2.981273
1.016828
4.822941
1.443330
1.512390
1.482943
3.520336
3.375486
1.331271
1.367104
2.829434
0.662291
1.218931
2.028900
3.258537
7.033487
0.955178
1.825235
2.917352
2.656114
0.746024
2.144504
2.986974
1.387265
2.255002
0.943292
0.524145
2.840454
0.513608
0.400955
0.369619
1.104880
1.661027
1.134068
1.803374
0.502681
0.558451
1.200305
1.538471
2.770935
2.037007
3.019742
2.073050
1.753156
0.999235
1.699261
1.110108
3.107910
5.553102
5.252992
3.348267
5.562423
3.126229
5.379668
3.236422
2.887882
2.535081
4.206013
1.598348
1.504200
4.275927
2.858729
2.656269
1.638190
2.616055
0.980212
0.994513
0.665122
0.364227
1.173869
1.167946
1.151511
0.710346
0.685236
0.305069
0.331555
0.703440
0.482854
0.469050
0.316180
0.623566
0.446621
0.791759
0.445094
0.748917
1.618202
0.607641
