63
17.079925
4.229155
0.488461
0.457022
0.968535
4.558182
2.791648
20.799419
2.950032
4.380271
4.130261
2.351938
2.905517
2.434442
1.858873
1.648457
1.628253
1.904553
1.442115
1.914430
1.823129
4.411292
1.905505
1.610858
1.683525
4.410398
1.833123
2.898353
1.318699
3.743198
1.804470
3.857375
3.411753
3.634059
3.953867
4.611771
2.858673
2.957867
3.939975
3.045120
2.733189
2.611126
4.231015
3.950058
1.863082
1.414576
3.179346
1.331060
4.200364
2.979104
2.850712
2.320162
3.556322
2.770994
3.960298
4.016060
0.927312
1.331200
3.165414
1.558014
1.358414
3.562415
2.646293
