86
0.076569
0.073142
0.063639
0.067779
0.270732
0.497824
0.808057
0.717372
0.865740
0.316503
0.130218
0.305183
0.626017
0.359850
0.670706
1.504440
0.373700
0.259756
0.414081
0.637243
0.370887
0.276042
0.275882
0.609157
0.367644
0.264166
0.311704
0.429295
0.276227
0.438759
0.233260
0.312012
0.627413
0.124140
0.359818
0.270302
0.314086
0.215033
0.130471
0.308626
0.218179
0.283910
0.362313
0.129448
0.617617
0.390544
0.524149
0.266132
0.239047
0.373700
0.269294
0.361743
0.281662
0.265114
0.289179
0.223139
0.550072
0.254588
0.354626
0.550516
0.224034
0.235429
0.486437
0.254781
0.212954
0.238558
0.339936
0.307943
0.381923
0.386080
0.542590
0.246337
0.241400
0.328421
0.240243
0.260329
0.285270
0.283604
0.267025
0.250477
0.527124
0.540736
0.224918
0.553407
0.261453
0.361614
