71
0.496713
0.168611
0.936355
0.535017
0.505942
0.190534
0.343112
0.224967
0.301569
0.758080
0.276510
0.480535
0.737428
0.168410
0.165934
1.793299
0.876970
0.612894
0.566772
0.420557
0.472975
0.409093
0.402174
0.409587
0.366066
0.324443
0.299128
0.319182
0.330740
0.406685
0.368684
0.313520
0.613217
0.493742
0.335198
0.308307
0.483297
0.388510
0.664733
0.384039
0.552248
0.851101
0.577336
0.805068
0.513529
0.308738
0.620569
0.638485
0.592670
0.254923
0.357206
0.269755
0.273480
0.404981
0.308191
0.591408
0.479800
0.616712
0.496847
0.592233
0.550630
0.594718
0.232471
0.815609
0.542102
0.501287
0.379811
0.625312
0.261055
0.606514
0.352498
