67
21.735569
21.207976
15.609141
2.142953
22.754833
83.338214
21.652462
13.517264
7.427021
224.390755
5.036015
14.387617
2.380685
15.313493
16.383165
53.177108
12.250130
30.588940
6.494851
27.656297
13.169912
21.360242
6.092884
11.399041
399.292453
6.785235
1574.266739
12.088473
5.802728
7.239897
16.031724
8.317701
8.094405
10.449653
6.238485
8.777397
9.931981
9.329948
14.975305
17.807606
11.684665
17.731592
3.856062
5.009552
15.051105
6.485453
7.203193
6.641796
21.382931
6.752754
6.151629
5.264787
8.393782
7.332522
5.906268
14.197314
15.570688
9.595317
4.425365
12.112408
4.463258
5.698470
6.312567
6.831615
4.081202
5.951180
18.495193
