79
22.402115
4.118728
12.085325
7.792907
2.736570
84.113853
12.047765
402.595778
9.011798
6.425695
16.679410
15.677114
1.121472
18.414445
35.288749
293.135067
14.472731
3.668003
3.469358
4.511692
4.717011
6.240891
6.188887
3.235853
11.429664
2.782780
3.914494
19.913120
1614.183925
2.054723
16.412296
4.812082
8.601340
6.822315
3.890622
3.239106
4.549171
4.220972
2.024692
5.403191
5.810100
2.147163
1.547265
5.485870
3.859329
8.414944
3.137017
8.069850
9.439888
4.240765
3.264201
6.823078
5.454140
4.109863
4.080008
3.327927
9.524876
1.369149
3.453316
1.074911
4.329617
3.432817
9.983773
3.517217
4.764458
2.991045
6.265686
5.329522
34.953229
4.178159
4.208893
3.310975
4.247640
7.572406
3.619804
3.249106
6.461974
5.360710
3.769022
