63
3.830934
2.086360
0.711546
3.228315
4.139279
2.138502
3.825734
2.999539
2.550373
6.502651
38.684607
3.117459
2.216885
3.215301
1.722167
4.528995
3.520798
4.771662
5.243110
6.203391
2.262231
4.029864
1.262649
6.023925
2.609396
3.180219
2.294059
4.712417
2.064114
3.057158
5.649238
2.648279
1.606191
4.343892
6.539745
2.475048
5.475611
1.185663
1.603100
3.054900
2.436423
2.877074
2.690838
5.595097
2.843980
3.214150
2.149440
3.818102
5.166726
2.848812
2.341365
3.108637
2.201096
2.954809
2.829916
5.119984
1.714416
6.385635
2.487894
3.750309
5.652952
4.711119
1.527113
