84
0.885304
0.659902
2.810817
0.319865
0.258945
0.660713
0.924998
0.454337
0.880983
1.046435
0.672891
0.374282
0.459336
0.864708
0.124213
0.332598
0.220769
0.675973
0.924858
0.273511
0.152167
0.663432
0.287065
0.806670
0.528433
0.344174
0.181719
0.254667
0.867307
0.331680
0.238426
0.454156
1.204748
0.318254
0.739017
0.154595
0.246653
0.513544
0.331073
1.010336
1.023992
0.306495
0.525179
0.236091
0.203573
0.806277
0.367250
0.121860
1.150722
1.007434
1.570377
0.264444
0.854378
0.431535
0.631762
0.243826
0.985525
0.824306
0.308841
0.395373
0.836921
0.878012
0.936347
0.864145
0.723345
0.856050
0.313901
0.228457
0.428726
0.654784
0.335129
0.362360
0.659316
0.642636
0.916293
1.453088
0.407495
0.864058
0.832941
0.781052
0.167655
0.319175
0.726734
0.860009
