97
0.826176
1.013730
1.453336
1.414771
1.696012
0.627485
1.663216
2.131007
1.591214
2.432284
0.113015
1.756153
0.952944
0.059258
2.102202
1.257015
0.951256
1.569789
1.280080
1.078543
1.179731
2.729388
2.140536
1.947267
2.775339
1.344294
0.253235
1.906515
2.092174
1.142167
2.720846
2.046787
1.982707
2.014992
1.673342
3.479349
2.237818
3.011128
3.442110
2.113616
3.150880
1.319579
1.948277
1.329881
1.377414
1.831179
1.374851
1.531468
0.797652
1.624031
2.117607
1.655241
0.264311
0.493619
1.561771
1.813185
0.587575
1.464311
1.511937
0.255764
1.577454
0.307682
2.696646
2.106408
0.850821
0.398962
1.108370
2.104858
0.782423
0.703405
0.790022
0.983874
2.288631
0.833461
2.543238
0.372180
2.202626
2.105296
0.531864
1.123987
0.577751
0.687790
0.514209
0.870697
0.685742
0.283790
0.341013
1.487983
0.390863
2.210436
0.917842
0.213472
19.935352
0.700603
2.344693
2.545931
1.816385
