73
2.089246
3.117466
2.926766
2.800506
2.496678
2.766866
2.267758
3.824739
0.974622
6.009248
1.611516
0.704809
2.184243
3.452142
6.325213
2.038260
6.899848
4.986485
2.634497
3.812541
1.017932
1.225200
1.939446
1.863971
3.696939
0.679676
0.946412
1.797588
1.641703
2.992799
1.764322
6.808489
4.437364
4.763635
3.869992
4.296349
4.781512
1.931756
1.092066
1.295272
1.264133
1.324614
0.395872
1.648197
2.702152
3.522036
0.901761
3.110249
0.989906
1.320600
0.979589
1.216272
1.249481
0.517366
1.171680
2.820021
0.419778
1.373410
0.420206
1.226454
1.081417
1.017900
1.299780
0.323272
1.665236
2.538766
2.110149
0.456769
1.209703
1.054381
1.249933
1.183193
1.135320
