   -0.0684    0.0121   -0.0337
   -0.0665    0.0380    0.0064
   -0.0637    0.0564   -0.0409
   -0.0608    0.1700   -0.0220
   -0.0585   -0.0229   -0.0248
   -0.0581    0.0034    0.0128
   -0.0328   -0.0304   -0.0458
   -0.0328   -0.0304    0.0108
   -0.0283    0.1949   -0.0285
   -0.0269    0.0834   -0.0499
    0.0026    0.2015   -0.0296
    0.0049   -0.0294   -0.0545
    0.0178   -0.0304    0.0108
    0.0318   -0.0229   -0.0386
    0.0358    0.1901   -0.0265
    0.0370    0.0029    0.0487
    0.0425    0.0782   -0.0445
    0.0435   -0.0106    0.0332
    0.0461    0.0350   -0.0395
    0.0513    0.0036    0.0377
    0.0534    0.0430    0.0632
    0.0563    0.1434    0.0981
    0.0649    0.1463    0.0911