0.0443196 0.0787516 0.0622977 0.549586 -0.456218 0.699872
0.0443196 0.0787516 0.0622977 -0.814200 -0.104803 0.571047
0.0558242 0.127198 0.0832645 -0.814200 -0.104803 0.571047
0.0577711 0.148828 0.0959286 -0.814200 -0.104803 0.571047
0.0369151 0.107841 -0.00256829 0.087156 0.000000 -0.996195
0.0369151 0.107841 -0.00256829 0.996195 0.000000 0.087156
0.0343567 0.161801 -0.00168261 0.996195 0.000000 0.087156
0.0377291 0.186713 -0.00145294 0.996195 0.000000 0.087156
0.0101112 0.117841 -0.00374828 0.000000 0.000000 -1.000000
0.0101112 0.117841 -0.00374828 1.000000 0.000000 0.000000
0.00763968 0.171801 -0.00264297 1.000000 0.000000 0.000000
0.0110193 0.196713 -0.00270811 1.000000 0.000000 0.000000
-0.0166936 0.112641 -0.00258767 -0.087156 0.000000 -0.996195
-0.0166936 0.112641 -0.00258767 0.996195 0.000000 -0.087156
-0.0190593 0.166601 -0.00127116 0.996195 0.000000 -0.087156
-0.0156983 0.191513 -0.00163061 0.996195 0.000000 -0.087156
-0.0432952 0.0936407 0.000904719 -0.173648 0.000000 -0.984808
-0.0432952 0.0936407 0.000904719 0.984808 0.000000 -0.173648
-0.0455372 0.147601 0.00242239 0.98481 0.00000 -0.17365
-0.0422203 0.172513 0.00177138 0.98481 0.00000 -0.17365
