57
4.746662
11.970088
15.872639
1.524907
0.918782
1.350386
3.934541
2.041151
5.694494
6.911235
8.231585
4.066807
2.824646
3.574415
3.672908
4.188611
5.225222
5.090543
3.881017
2.651807
2.731149
4.707989
3.276884
0.121957
2.922702
1.312039
5.079533
0.507983
3.601807
1.454240
2.878550
2.282249
3.284191
2.500432
4.247090
5.529149
3.886368
5.146144
2.067173
3.042075
1.111808
3.744320
4.787489
6.196997
5.406138
5.148043
2.663412
2.155991
3.920981
4.497238
4.833898
5.252239
5.284287
0.192599
1.963284
0.681224
1.711976
