56
1.880231
0.625743
4.856892
0.739481
1.493682
1.480951
0.455614
1.792942
5.830400
0.520992
274.439928
14.797202
15.564268
14.374031
12.366470
6.937291
14.778748
8.247170
13.190775
7.484568
7.108562
13.325024
15.242695
9.250243
6.962339
7.959256
8.107122
8.824768
9.342197
6.860173
8.050217
7.462845
10.521288
10.406022
7.173899
7.445921
6.853707
7.071078
6.383885
7.802366
15.261677
9.911210
11.852266
4.450928
8.005659
6.105880
11.635158
11.044200
6.377557
6.340398
6.091815
7.606517
9.587210
7.851991
9.625912
5.006556
