60
5.435872
8.429075
11.361711
1.587526
19.097507
9.795418
38.490264
7.762069
394.060017
12.156548
1.574554
8.425185
8.855159
19.061522
5.298921
29.812643
10.032768
20.978697
8.273124
5.489526
1.955954
4.483242
4.824217
4.467123
492.360654
10.204711
4.199774
1.090126
12.442020
65.988465
16.405401
4.928607
6.360728
6.316110
8.665962
3.425522
8.938833
3.054904
2.497868
33.182643
5.539424
5.778774
10.706693
5.288483
197.787220
10.035479
5.256284
5.092948
6.236776
7.236759
5.998199
2.721792
5.118336
14.574275
10.491823
5.374300
3.145324
5.116841
7.502696
2.973198
