60
46.358462
1.259279
1.186855
3.600639
1.666205
2.296333
0.703193
3.889599
0.919337
0.803733
0.604069
0.689642
2.106024
2.818676
1.744882
3.285998
3.626232
6.527840
3.212139
3.899290
2.877642
6.322247
3.308739
3.903007
5.559003
5.466068
5.456706
3.556863
3.684512
3.600223
2.103710
3.455620
3.198758
2.643102
2.500619
2.336403
3.382169
3.151472
2.312818
3.563122
2.691772
2.217818
3.063972
3.911383
4.684093
2.424830
4.607151
3.292116
5.457802
2.529204
6.095344
2.648955
3.064545
2.192121
3.830185
2.652732
2.198354
3.206428
2.824797
3.813649
