75
1.559123
1.669167
7.324786
1.504808
6.092601
1.990147
1.700897
1.716179
1.469338
2.738613
3.650953
1.370936
2.290183
2.436617
3.760968
2.171148
2.186424
1.261167
1.325072
1.302895
1.554303
2.092181
1.549770
1.078570
3.479434
8.317142
1.348318
2.643381
1.301216
3.377940
8.497961
4.238117
7.472940
8.820297
1.314593
8.200782
1.196949
1.325285
8.324811
1.921686
2.281605
2.152258
3.043732
8.566739
3.465221
6.502212
6.597742
1.647180
5.271241
5.000010
1.971443
2.574085
6.654654
2.906427
7.961535
2.676992
2.356883
5.190239
3.496306
3.737783
2.682045
7.429907
8.525619
3.771026
10.229819
3.848701
4.898903
2.442261
0.836840
5.047658
2.233192
5.386487
6.018418
5.399562
9.572280
