63
0.805846
2.962743
0.904368
0.876815
0.116145
0.141510
0.580060
0.312227
0.487983
0.331019
0.472537
0.213098
0.397201
0.589930
0.108793
0.100419
0.341000
0.265473
0.130552
0.069529
0.301525
0.502213
0.133620
0.097233
0.056277
0.674504
0.344234
0.144183
0.298893
0.324199
0.237299
0.356965
0.315598
0.731203
0.436660
0.775143
0.383944
0.302561
0.317175
0.334302
0.322772
0.410028
0.652003
0.207462
0.051484
0.249909
0.196680
0.235001
0.444208
0.365007
0.090790
0.266834
0.426214
0.450487
0.084759
0.045047
0.190014
0.035511
0.459994
0.318602
0.390201
0.410075
0.458163
