62
149.968483
2.944339
3.179290
0.902655
2.564156
1.455092
1.898882
0.617177
0.525532
2.233052
11.506595
1.744658
1.707342
1.787497
1.629993
1.631131
1.622493
1.663659
1.552729
2.621568
1.690335
1.490127
1.460345
0.732315
1.107060
2.756165
3.197191
2.028805
2.513719
2.357602
1.464454
1.173041
1.401066
3.184171
2.274873
1.217466
2.250416
1.588684
0.922709
1.966572
0.910030
2.711741
3.017600
2.503133
0.543020
2.704615
2.696228
2.756541
0.881876
1.096183
1.221280
11.723974
9.697775
1.533118
0.303016
1.499739
0.295327
0.417827
0.940999
0.814761
0.680840
0.383506
