65
22.837248
21.890306
16.295946
5.384409
2.002755
22.990801
86.702502
65.416239
4.580984
1627.451417
231.575107
14.878948
413.736107
6.981062
2.621844
15.890762
16.960602
4.760416
9.646524
15.457652
12.527091
10.806387
6.591990
12.436395
4.303266
19.611511
21.756501
12.192525
7.431451
10.766547
18.407201
22.056493
18.878714
11.905108
8.417869
14.363465
40.822966
4.731702
5.286957
7.610082
29.210948
10.266099
5.763062
4.093069
6.031256
12.458790
11.771281
16.514826
11.199067
10.242186
19.123337
7.385764
4.575955
7.988520
11.593912
5.892965
8.598077
14.667950
6.174722
4.284483
6.602408
18.270991
16.176374
17.720579
12.665708
