59
20.506189
0.307971
0.242217
0.349839
0.429506
0.436048
0.209809
0.285878
0.317816
0.331595
0.383794
0.514283
0.266041
0.256128
0.394854
0.332461
0.475574
0.459625
0.639160
0.403659
0.587787
0.762768
0.462234
0.768826
0.409243
0.467021
0.756798
0.483423
0.831199
0.592469
1.017725
0.665857
0.627209
0.410332
0.372635
0.557364
0.529515
0.589027
0.561911
0.611893
0.385712
0.331406
0.494919
0.464366
0.822876
0.205772
0.451243
0.393353
0.613794
0.831203
0.536309
0.562725
0.535583
0.460175
0.363157
0.586109
0.568131
0.638920
0.664282
