105
4.739063
0.176510
0.155778
0.340103
0.048951
1.300843
0.008398
0.028734
0.107666
0.037511
0.141692
0.080954
1.923674
0.187011
0.060752
0.086618
0.031195
0.219468
0.017461
0.037854
0.239007
0.041983
0.091611
0.514308
0.043011
0.074524
0.068502
0.023002
0.282725
0.036451
1.673508
0.081143
0.150838
0.175290
0.076673
0.093880
0.235558
0.049737
0.344501
0.036276
0.076066
0.064353
0.193589
0.025155
0.022044
0.177359
0.205737
0.057695
0.199600
0.030697
0.046745
0.189728
0.184606
0.101524
2.036485
4.762022
3.034128
0.132136
0.083502
0.104440
0.043100
0.043511
0.055186
0.095012
0.146490
0.086592
0.078665
0.159204
0.042865
0.151766
0.037462
0.027581
0.193468
0.067640
0.066948
0.062310
0.074921
0.022471
0.032880
0.048570
0.018095
0.065381
0.153100
0.021294
0.130628
0.080134
0.100814
0.211218
0.118993
0.091332
0.098626
0.131443
0.019346
0.112821
0.047780
0.073880
0.111485
0.021759
0.113689
0.024739
0.129828
0.089378
0.098679
0.080103
0.129227
