121
0.110164
0.104524
0.498916
1.117545
0.707512
0.623838
0.305713
0.633390
0.479753
0.674628
0.481291
0.481991
0.815180
0.399999
0.399714
0.266200
1.062993
0.796170
1.136565
0.236763
0.597657
0.474197
0.519001
0.616177
0.389734
0.430882
1.004449
0.464264
0.171621
0.512368
0.191902
0.497465
0.426600
0.471028
0.724794
0.429299
0.255696
0.655121
0.326321
0.647709
0.863530
0.230770
0.738095
1.076020
0.067880
0.076794
0.274434
0.296478
0.076342
0.253100
1.108883
1.002944
0.589818
0.323476
0.040386
0.698742
0.580753
0.482904
0.430638
0.527621
0.070255
0.090426
0.259921
0.116184
0.288584
0.975700
0.246200
0.515792
0.501743
0.136709
1.126606
0.435168
0.226693
0.674936
0.393458
0.779011
0.456963
0.282084
0.328289
0.212058
0.247503
0.341603
0.310170
0.397170
0.487307
0.465119
0.422618
0.954092
0.184375
0.167323
0.927034
0.147753
0.424834
0.045860
0.245864
0.083777
0.710623
0.253287
0.193137
0.265114
0.677144
0.316282
0.469169
0.244807
0.378097
0.431459
0.645853
0.169149
0.460139
0.188735
0.634573
0.059623
0.344156
0.407164
0.891519
0.422387
0.245264
0.983527
0.104015
0.266361
0.310479
