96
0.605594
0.581706
0.116819
0.301254
0.117901
0.038082
0.161431
0.050644
0.348696
0.071572
0.060598
0.064001
0.170219
0.349897
0.202743
0.234958
0.090572
0.453947
0.132270
0.082378
0.172192
0.552110
0.096259
0.083729
0.106554
63.404827
0.352956
0.600564
0.123933
0.080268
0.071476
0.105065
0.182409
0.128841
0.172890
0.160006
0.185936
0.048876
0.066038
0.029456
0.076865
0.060991
0.384494
0.154622
0.440917
0.109666
0.032848
0.072499
0.057462
0.041226
0.136438
0.058906
0.102249
0.226599
0.069182
0.120595
0.193970
0.427221
0.477297
0.504375
0.007424
0.049407
0.064947
0.145251
0.151779
0.252562
0.059774
0.511500
0.003138
0.051471
0.104870
0.144821
0.083012
0.089369
0.057917
0.188554
0.129696
0.107422
0.075723
0.192593
0.092728
0.232138
0.071745
0.137280
0.032783
0.122394
0.062627
0.552540
0.158276
0.073501
0.075458
0.226871
0.076444
0.194286
0.116265
0.427642
