62
0.988430
1.134770
0.579522
1.469182
2.113575
2.441582
1.002923
1.297380
1.894635
0.792310
1.278413
40.434076
0.880526
1.680467
1.490648
1.300168
3.252695
1.583901
1.770812
3.276356
1.574966
3.031388
3.193230
5.280874
2.329776
2.609193
2.221689
1.253518
3.108027
1.902110
1.560515
3.279927
1.501497
2.495876
2.254773
2.987095
4.450358
3.268707
2.556835
1.879619
2.717941
1.564769
3.426004
2.622714
2.326409
2.874754
2.720319
2.074085
2.098393
1.166576
1.391929
2.603745
2.076744
2.594216
1.126399
2.889382
1.128842
1.177091
1.074966
1.640421
2.904619
3.033472
