61
1.107969
6.012880
5.870795
12.092586
2.972948
1.307371
3.713310
3.890978
1.195450
1.819797
27.768677
3.301767
2.852019
2.896091
7.455659
27.618296
24.518299
5.851511
2.915157
2.997493
2.057476
1.214285
1.415484
2.714477
1.164736
0.861640
1.076542
2.684835
3.196191
2.907774
3.645938
2.865630
3.050497
1.148908
0.388289
2.878485
1.145093
4.468306
8.664986
15.684501
7.636258
2.828568
4.637938
3.327635
2.876285
3.500117
4.670097
4.469096
0.877122
3.397712
0.555917
2.908923
2.887643
0.901290
0.605275
2.668959
2.672180
2.609763
3.096031
3.119667
3.084685
