61
6.508866
5.588071
7.608420
11.581398
3.704117
12.309955
0.206002
0.138592
0.226265
0.158361
0.703961
0.664889
5.711916
9.385573
9.842800
5.575420
13.770546
0.161277
0.190649
0.049753
0.163322
0.207353
0.213880
0.131779
3.496521
3.311865
0.026622
7.001381
0.435492
3.290352
0.663350
0.032499
0.057002
0.097121
0.051974
0.178057
0.185721
0.059949
0.212171
2.179516
0.147612
0.122548
3.329283
0.065587
0.073046
2.177906
0.673262
0.617289
2.105998
0.149736
2.101510
0.097170
0.025099
0.062679
0.028945
0.049768
0.069269
0.402623
0.644426
0.588533
0.309997
