67
0.636748
2.468564
2.699364
6.850072
1.185285
1.108263
0.982496
1.102886
1.058299
1.134237
0.775592
0.686091
0.321878
0.363676
0.304363
0.365306
1.420272
1.494121
1.188969
1.117412
1.232152
3.029871
0.758452
1.494498
0.988618
0.707443
1.271117
1.624840
1.247817
0.661222
0.716382
1.524664
0.717845
1.217420
3.059784
1.734161
0.463286
0.659645
0.530154
1.940308
0.979909
2.654893
3.041216
1.566306
3.033147
0.352253
2.935757
0.470216
1.007608
2.646351
1.590368
1.587540
2.218467
1.751255
2.510710
1.922112
2.172512
1.905534
1.968674
1.615301
1.667919
1.520713
0.801349
2.021556
2.016218
1.838895
1.984311
