113
37.493964
2.631779
25.764396
9.071714
10.016874
4.751490
24.378359
16.410996
23.356388
19.764676
13.561447
34.779737
18.199324
18.500874
34.995535
22.162866
30.693147
2.535474
7.403056
7.823763
32.637009
24.282961
12.059716
13.137405
23.664319
3.122129
6.834437
9.531624
18.592712
64.973356
4.560501
6.413196
24.477017
15.273451
61.898067
85.704036
18.102637
23.947265
9.248329
59.377118
18.151219
7.673457
20.862987
72.655097
77.897484
21.317731
35.280503
14.453313
11.988290
35.014249
22.387372
19.764956
18.506641
29.903637
30.846525
14.821805
13.634415
4.101864
5.255740
4.494794
4.518268
30.861508
26.235029
6.472298
9.609436
1.578631
19.780242
30.597387
1.636867
9.502485
52.385488
11.325806
17.268656
13.649734
10.910868
17.090038
9.145660
5.680673
2.491812
21.188296
12.227931
12.586139
26.620542
5.233224
17.619815
10.392190
24.717752
22.341211
15.225636
16.432470
15.554828
16.027275
33.009415
22.769966
13.250700
79.902478
15.587049
19.298013
12.295731
15.566217
41.510653
42.070524
26.522083
1.309431
15.126186
17.039848
17.607327
41.361252
1.077323
22.486823
16.487137
14.227637
42.140834
