60
0.075136
0.863571
2.926749
0.650016
0.568855
0.334643
0.142603
0.207987
0.362318
0.213977
0.307581
0.044368
0.076075
0.057863
0.485050
0.510657
0.386914
0.562560
0.649799
0.476168
0.429228
0.369286
0.655328
0.127390
0.405322
0.316231
0.537512
0.271186
0.115508
0.505715
0.271040
0.409681
0.615578
0.598763
0.267815
0.262473
0.014113
0.071803
0.432210
0.847893
0.040564
0.046877
0.422955
0.285076
0.481887
0.041991
0.297851
0.255493
0.537164
0.373630
0.319943
0.267341
0.345831
0.346666
0.331737
0.288482
0.199435
0.313361
0.289894
0.132137
