76
21.312779
24.358404
21.799609
39.284936
19.542046
20.180018
21.655505
30.121745
32.250866
35.756829
33.024876
28.795473
33.917808
29.245412
16.881533
29.217607
15.172458
23.086741
14.485528
37.966870
28.630955
22.316844
22.988455
34.585924
20.858027
26.202490
13.853944
15.086742
8.969125
34.134091
16.958275
18.883387
27.987470
26.439635
21.308707
20.232473
17.251464
28.986819
17.278235
16.825127
17.144072
18.120913
24.043085
19.161274
17.042587
25.762457
26.225621
17.799155
16.400543
18.837070
20.144076
16.074834
24.568790
19.306652
31.499473
13.159098
31.650664
23.275889
25.368378
31.643581
16.414583
23.162036
20.616747
17.342705
20.469476
18.695417
16.606651
17.358889
19.378469
17.768090
14.903043
33.395553
24.708569
18.868643
12.917230
18.209263
