81
28.897364
1.097190
1.592854
2.042104
4.218375
2.051453
1.253468
1.001777
1.178545
0.832115
0.609177
0.523466
1.051698
4.289832
1.373270
1.668911
3.890014
1.013357
1.584911
1.242544
3.064995
2.114384
2.482644
1.955347
3.267344
1.343861
1.647439
1.894679
2.238446
1.254850
1.775049
4.190031
1.989100
1.661712
2.138332
1.262157
1.530590
2.039365
2.600792
1.862134
2.147816
1.469686
2.326166
0.927360
2.298676
1.359883
1.501931
1.599948
2.323096
1.088525
1.063118
0.988092
0.865036
0.833193
1.412114
3.111569
2.461555
3.434029
1.553742
2.558561
1.962346
3.322413
1.131222
1.455693
1.488135
3.864006
2.269306
2.081120
1.116638
1.721199
3.025991
1.258462
1.479295
2.026908
2.483658
1.189158
1.474534
2.046458
2.851557
1.970079
2.623791
