59
1.402272
4.466077
2.038412
1.802030
3.457763
17.062151
1.296068
3.175944
2.293007
0.795854
3.240595
0.212184
4.878211
8.010702
2.287520
3.296578
1.850279
2.354246
2.511631
3.746023
2.666931
2.255913
2.623158
2.728567
4.996027
8.503850
2.383503
2.960218
2.395391
3.580183
2.620312
3.269809
5.637457
8.325555
3.069891
3.960304
2.685592
2.934661
2.518568
3.632450
3.428265
4.166524
4.712628
8.624280
4.917492
3.524361
3.244444
5.058963
5.440079
6.425429
0.664504
0.189483
2.660454
0.169161
0.583320
5.603885
0.907715
3.352686
4.375573
