63
6.564151
6.569757
5.001283
0.545066
0.622451
2.992576
3.355199
7.473027
4.030092
2.502371
4.370883
0.775109
0.925409
0.713537
0.849954
1.684096
10.312751
9.463736
2.025870
1.460600
6.294480
2.042037
14.540323
4.880380
3.152238
2.543669
2.561622
2.563653
2.652159
4.444117
2.466351
2.933090
4.300148
2.887870
2.861810
2.460023
2.736371
2.265151
4.772035
3.140814
2.904393
3.216750
2.257258
2.180375
2.187101
2.313956
1.916500
3.611984
2.261127
0.547815
11.312120
6.691494
11.778597
1.490714
5.900222
5.848017
11.352850
5.541215
9.357315
9.935446
14.858023
9.172998
10.488411
