60
2.514078
0.385279
0.386008
0.436189
0.207956
0.514074
0.085491
1.037992
2.478801
0.125565
0.042729
0.711446
0.081294
0.081873
0.484636
0.103867
0.262487
0.083784
0.029502
0.070806
0.027050
0.113710
0.084087
0.089394
0.140295
0.332497
0.449128
0.321386
0.023384
0.328532
0.134466
0.640421
0.129814
0.351974
0.363552
0.267582
0.039341
0.028371
0.076918
0.146275
0.171672
0.306845
0.122341
0.172142
0.215872
0.250378
0.039223
0.226187
0.190481
0.025933
0.346209
0.123781
0.093699
0.178344
0.334080
0.090947
0.025485
0.102757
0.033245
0.032011
