107
0.207836
0.103225
0.333721
0.058177
0.026226
0.272823
0.199545
0.406116
0.256042
1.146837
0.325153
0.085142
0.176649
0.131249
0.389264
0.171359
0.955983
0.514859
0.199252
0.516325
0.366633
0.423104
0.085194
0.119237
0.081241
0.191575
0.416126
0.046414
0.432843
0.091616
0.264129
0.249724
0.187880
0.440001
0.078899
0.267539
0.201347
0.198318
0.133389
0.169354
0.281343
0.382550
0.332319
0.487984
0.192259
0.435575
0.107002
0.325670
0.109416
0.325415
0.404358
1.026207
0.462855
0.454403
0.332946
0.175479
0.415501
0.060938
0.173128
0.492500
0.286317
0.195522
0.218630
0.410435
0.208531
0.520879
0.203937
0.200477
0.126028
0.229700
0.171217
0.168835
0.420892
0.345144
0.171598
0.314108
0.239440
0.229218
0.136364
0.226802
0.139472
0.089735
0.210818
0.254400
0.197239
0.157599
0.249632
0.697138
0.186070
0.216196
0.229953
0.050503
0.212056
0.195322
0.286470
0.059857
0.080418
0.497112
0.774328
0.183789
0.291248
0.698092
0.563801
0.209996
0.280480
0.236892
0.428789
