88
2.652742
5.631090
13.490339
2.412794
3.183676
4.507558
2.775867
3.509629
8.778190
11.760417
10.670534
1.544169
68.228487
1.894198
5.390974
11.899277
1.992797
11.177813
3.499828
6.975663
13.786698
4.553472
3.125018
68.031136
10.259055
2.749557
2.180732
2.164375
9.611990
2.628312
4.165246
3.928057
2.265556
4.841169
1.461287
2.650433
9.418957
5.912453
4.650179
3.562469
15.306037
4.111619
5.372427
18.602402
13.111316
2.255256
3.826229
4.812962
4.768210
22.385338
9.982365
4.129586
2.436892
8.135576
3.503088
3.151835
7.672715
3.374999
2.503482
3.671845
3.332474
7.152118
1.195315
2.093860
4.405627
2.076125
3.705481
1.197613
3.037076
3.422585
11.058930
5.950181
5.367608
1.958274
2.859297
5.388654
5.032267
5.976974
3.357181
14.978540
8.697600
7.427135
2.483451
4.399791
9.774254
3.988768
4.233185
2.455431
