108
0.504768
0.461819
0.119936
0.042930
0.087073
0.003492
0.005158
0.030331
0.006571
0.125713
0.135429
0.004901
0.032618
0.028283
0.006326
0.008611
0.015391
0.017389
0.008663
0.012692
0.027554
0.011553
0.186634
0.003716
0.019958
0.015793
0.036407
0.004673
0.017980
0.005169
0.047879
0.006375
0.020446
0.006998
0.090359
0.004081
0.005963
0.002952
0.012684
0.008705
0.014700
0.078634
0.010741
0.009085
0.061521
0.022569
0.001447
0.036195
0.002852
0.004134
0.003672
0.007961
0.033780
0.007118
0.006741
0.002324
0.004672
0.004503
0.004486
0.010475
0.039810
0.003196
0.002592
0.004291
0.013266
0.003520
0.003713
0.002493
0.004547
0.207532
0.001724
0.019201
0.009543
0.019111
0.004640
0.003427
0.006771
0.007486
0.004694
0.012311
0.030154
0.014623
0.013353
0.051158
0.005247
0.001747
0.006400
0.008843
0.016416
0.011595
0.002628
0.101001
0.007398
0.002407
0.016033
0.007543
0.007219
0.002221
0.001000
0.003818
0.003219
0.017362
0.010029
0.004766
0.008309
0.004496
0.012481
0.001641
