77
12.437210
1.671993
0.867417
1.571833
1.089727
0.525178
0.557005
0.719153
0.613353
0.638691
0.618108
1.615955
0.709592
0.633641
0.526867
0.607106
0.705501
0.603528
0.642774
1.546936
0.855727
0.879238
0.776244
0.510043
0.731199
0.755487
0.785990
0.521013
0.944274
0.493707
0.543214
0.791826
0.759607
1.111625
1.072994
0.727559
1.126778
0.618111
0.575492
0.578295
0.634601
0.649339
0.650628
0.833810
1.146658
0.712243
0.546909
0.603660
0.638395
0.652355
0.852966
0.846472
0.961341
0.851178
0.984514
0.583809
1.152204
0.539575
1.057325
0.821460
0.702669
0.812852
0.808481
0.849781
0.805218
0.640194
0.615853
0.546544
0.551105
0.627776
0.716020
1.113758
0.360403
0.899301
0.607381
1.096005
0.596243
