78
3.248267
10.148173
4.536047
4.796253
66.271884
14.295742
2.370614
9.757104
323.719683
5.846335
5.330057
13.022746
12.427193
6.417434
14.479248
43.965268
2.413456
204.357576
14.681791
11.722378
3.120995
2.247176
4.300001
0.967612
3.363365
4.114855
3.088929
2.965084
1286.222127
5.675135
1.433254
2.295074
3.629323
5.719934
3.232960
6.483361
7.279446
27.846368
2.010802
3.337436
3.216403
3.260093
4.227289
3.311818
6.590049
7.147431
1.854563
12.838176
2.640422
3.081167
2.976026
2.228192
3.031834
4.397565
3.583501
0.820901
6.505810
3.753141
2.131504
5.634474
7.023243
3.146640
2.799337
1.026238
2.474192
4.399263
1.583050
4.240658
0.658082
3.411617
1.588435
6.302340
4.058754
7.133003
2.434458
3.813243
0.927252
6.543407
