57
0.465554
0.710400
0.990655
0.963994
0.570708
0.447159
1.213668
0.619699
0.760702
0.639582
0.530405
0.415554
0.726756
0.466163
0.541087
0.387201
0.339703
0.377443
0.520016
0.387243
0.687087
0.414977
0.399656
0.382020
0.517059
0.523633
0.320239
0.706943
0.795257
1.055971
0.612512
0.780064
0.600235
0.671833
0.525400
0.687641
0.606752
0.790471
0.689492
0.511009
0.667537
0.569276
0.886777
1.055968
0.344576
0.829952
0.698112
0.737010
0.904209
0.612524
1.077618
0.584086
0.741984
0.344616
0.570134
0.669666
0.583205
