83
20.522560
1.007387
2.732970
2.521686
2.771037
2.718491
0.469542
0.998515
5.415598
0.956029
2.341585
0.019558
0.244785
2.531430
1.224101
1.069859
1.107894
1.065980
1.510781
0.953976
1.050029
1.270876
0.930072
2.516735
1.794746
1.581729
1.479855
2.069552
1.002644
1.168582
1.894199
0.412372
1.237530
1.564790
0.661269
1.270946
2.380280
0.227796
1.509221
1.057311
1.016767
1.025761
2.353684
0.225044
1.748537
1.369281
2.402083
3.176648
1.694824
1.404351
1.940555
1.687562
0.975095
0.996306
1.061967
1.633683
0.994759
1.620560
1.661737
0.415472
0.674535
1.014456
0.464669
0.046912
0.249163
0.026503
1.348959
1.459134
0.186996
0.264645
0.232116
2.095062
0.555694
2.521991
0.263094
2.800387
0.189341
0.265248
0.172716
0.055740
0.224430
0.438514
1.047910
