77
0.904046
1.277563
0.354529
0.380885
1.055893
0.562994
3.864045
1.167770
1.241120
0.768886
1.317131
0.339055
0.723848
0.897054
0.372312
0.277178
0.242047
0.407592
0.455642
0.316901
0.485009
0.509420
0.542332
0.215907
0.623434
0.484197
0.611512
0.207023
0.485328
0.622386
0.731486
0.487495
0.680475
0.548065
0.524011
0.423476
0.328969
0.395052
0.376250
0.356965
0.475326
0.378157
0.332430
0.463576
0.358628
0.371511
0.482310
1.376799
0.726698
0.953768
0.746147
0.632662
0.471281
1.008844
0.412899
1.046971
0.621679
0.561078
0.565612
0.471761
0.679311
0.620927
0.730206
0.710602
0.982798
0.706673
1.086752
0.615771
0.777609
0.709832
0.529950
0.608275
0.511413
0.692194
0.620037
0.826405
0.712891
