168
0.123960
0.115720
0.042806
0.141062
0.100128
0.061826
0.229987
0.190086
0.183856
0.225481
0.063050
0.057530
0.255634
0.198160
0.285145
0.230526
0.135979
0.065701
0.078190
0.082174
0.111964
0.073334
0.143637
0.048205
0.138372
0.085960
0.079181
0.108980
0.148468
0.053854
0.057684
0.125853
0.278263
0.130843
0.260629
0.019488
0.017331
0.019566
0.025353
0.154184
0.137366
0.124156
0.062879
0.109937
0.067651
0.028965
0.052666
0.018059
0.053294
0.040006
0.166960
0.152390
0.183870
0.076439
0.157617
0.148624
0.119566
0.100446
0.161419
0.060042
0.040449
0.082065
0.016577
0.050809
0.208995
0.246316
0.106402
0.035674
0.138131
0.137271
0.059341
0.065652
0.028079
0.161340
0.082303
0.114370
0.072786
0.048904
0.035640
0.258474
0.058069
0.132267
0.113412
0.147182
0.161842
0.088637
0.033109
0.087438
0.071688
0.018775
0.071231
0.051172
0.146124
0.051634
0.085943
0.078652
0.112777
0.173626
0.064897
0.059195
0.131619
0.045233
0.036310
0.051967
0.060082
0.064386
0.012592
0.199847
0.045267
0.120194
0.051166
0.043051
0.035795
0.058163
0.044696
0.062119
0.037230
0.057932
0.096726
0.080048
0.050181
0.210638
0.052180
0.064821
0.168062
0.099143
0.075737
0.039371
0.047865
0.034403
0.039373
0.050236
0.042730
0.050852
0.098894
0.050971
0.075593
0.060389
0.210489
0.035076
0.065604
0.048423
0.064557
0.039819
0.069444
0.042553
0.047921
0.077062
0.082934
0.069732
0.064112
0.059483
0.038219
0.058657
0.062113
0.031034
0.051676
0.065641
0.066633
0.100764
0.083136
0.088600
0.079319
0.047500
0.068571
0.064164
0.051730
0.077640
