100
0.583450
0.254205
0.234425
0.185053
0.250988
0.514331
0.094576
0.291508
0.160561
0.070924
0.048299
0.186993
0.173877
0.251772
0.713300
0.476977
0.591644
0.578362
0.984640
0.251738
0.333668
0.405624
0.118633
0.399448
0.106911
0.194268
0.543180
1.491763
0.147779
0.149418
0.567327
0.449527
0.229134
0.300952
0.690491
0.222895
0.069021
0.760949
0.185117
0.429818
0.201135
0.092143
0.126557
0.355722
0.198348
0.415875
0.291168
0.224617
0.928870
0.544915
0.745307
0.435618
0.571422
0.700615
0.532130
0.037531
0.188762
0.201303
0.270665
0.142056
0.644012
0.147897
0.205602
0.239247
0.088401
0.337983
0.292931
0.845080
0.840699
0.673021
0.203723
0.117481
0.131732
0.066771
1.195225
1.480918
0.689555
0.333014
0.575978
0.567851
0.513172
0.223774
0.181125
0.266991
0.480562
0.216366
0.204646
0.136818
0.361489
0.650832
0.418513
0.517594
0.045229
0.537696
0.157708
0.212688
0.332712
0.174147
0.327523
0.353266
