128
5.357677
4.679585
2.315302
4.761571
19.237884
24.371738
19.267756
2.024616
0.837655
4.864254
5.377133
4.566148
1.677513
3.067355
4.013612
6.583907
21.100371
0.753344
2.458307
4.443979
2.633498
3.365183
5.454129
4.183085
4.254515
4.198845
6.312195
5.649669
4.107469
4.623737
5.415009
2.982456
2.692554
5.170409
6.842220
2.899479
1.397578
6.370065
3.389066
1.416454
5.680133
1.087777
6.121233
5.269514
0.700704
0.982907
3.931179
3.260663
3.579945
1.964321
0.892782
0.317165
0.606280
2.286903
1.998734
1.349391
3.763766
0.956012
0.921372
2.450379
1.561989
1.252142
0.701791
3.407211
2.194651
4.653412
2.924216
1.284133
0.704520
0.675692
1.366576
1.375005
1.817901
0.692312
0.815295
0.900584
1.215150
0.643927
7.259492
0.553751
1.316415
0.584293
1.658853
1.872758
1.569546
0.950448
2.768755
0.375525
0.822520
2.763803
0.759399
0.489545
1.155157
3.475203
3.357496
3.531997
3.413369
0.955663
1.260243
1.322493
5.124434
2.635775
0.426834
4.296614
1.332353
9.949483
7.156259
7.039430
6.693552
7.115086
9.936212
6.868496
6.534436
6.520821
8.985136
5.375335
6.346970
6.363325
5.422513
6.350133
9.065491
4.568420
4.176112
4.700072
0.384922
4.553258
1.220383
7.650483
