114
6.647223
5.620751
7.127940
6.892403
4.855820
1.823812
6.543082
0.812688
2.536540
5.063698
2.534338
1.202298
3.384702
4.604791
4.345517
5.875704
1.366671
5.094051
1.267739
3.932943
0.729253
1.002486
5.331256
2.261604
2.518763
4.234011
3.419751
1.457186
3.329253
4.385038
1.889125
6.080005
11.144181
2.339069
9.501435
5.032214
11.865117
3.512936
4.013747
4.064379
3.746856
6.450289
2.698448
13.229332
4.025551
10.499106
4.478971
3.708698
4.023520
7.055462
1.136096
4.337673
7.079560
2.095878
5.924986
4.236186
6.553338
4.336320
7.325313
6.201086
3.053016
1.965361
0.970502
1.006627
0.981523
1.134789
5.963843
1.626742
4.468417
2.880585
8.063888
5.704251
6.064332
4.536088
4.991449
5.682239
6.766052
1.865455
3.136460
0.822652
4.712787
0.597120
6.944036
1.015353
3.368538
1.363737
6.621285
0.935355
7.870401
5.161829
8.302705
4.782453
5.602326
5.529673
5.916237
6.669014
8.110239
7.686103
2.611108
5.475896
4.950315
2.504359
4.105509
4.045867
5.382495
19.792202
3.315516
4.708178
1.880122
3.758444
2.854698
6.078991
1.131688
12.202304
