91
11.414641
13.568674
14.914762
14.593658
1.067450
1.106405
1.586823
1.308243
1.039565
1.550697
1.588387
0.950586
1.470078
1.802695
1.409206
1.007438
1.592752
1.272388
1.363416
0.988449
0.987207
1.020149
1.495613
1.008054
0.984765
2.091017
1.159806
1.429753
1.453249
0.335942
1.402059
1.837408
0.433193
0.908711
0.630314
0.402314
0.842487
0.335035
0.850009
0.777441
1.441688
0.788237
0.790707
0.499903
0.521021
0.482743
0.586289
1.167221
0.797216
0.984338
0.477231
1.365886
1.908265
0.324161
2.007110
1.513018
1.508122
0.310855
0.898009
0.318107
1.117742
0.343374
0.855400
0.881031
0.343003
1.076558
0.789456
0.769197
0.772395
0.641193
1.050874
0.856306
0.752567
2.006961
0.883717
1.137967
0.632512
0.905062
1.650710
0.699303
0.957524
0.848082
0.960227
1.085991
1.364502
1.046801
1.040686
1.000171
0.965453
1.012044
1.067634
