79
1.234951
0.303116
0.774381
0.675336
1.250945
0.388107
0.257274
0.317797
0.944540
0.659021
0.822470
0.787922
0.815988
1.004012
1.404617
0.821317
0.873494
0.723625
1.462683
0.891517
0.759258
0.771347
0.939674
1.417800
0.930960
0.607391
0.767814
0.607533
3.762649
0.704864
0.907039
0.396854
0.921630
0.634894
0.492008
0.627482
0.180554
0.656419
0.832746
0.714701
1.096975
0.405358
1.188181
0.878878
0.576090
1.119656
1.307954
0.651294
0.733196
0.833694
1.306503
0.785426
1.109301
1.011461
0.867821
0.644732
0.650319
0.721719
0.830059
1.328290
0.494360
1.054021
0.466208
1.090087
0.517941
1.215754
0.954049
1.356997
0.389221
0.634059
0.853173
0.758174
0.935050
0.593921
0.431133
1.014928
0.648239
0.624724
0.511388
