81
4.566235
4.655108
50.518875
47.507891
40.359279
41.338641
4.597332
4.008635
3.808853
3.598287
3.647609
3.732110
4.731545
3.908057
13.928681
4.526791
14.283255
4.604530
3.462407
3.633961
2.651807
3.563811
3.738127
3.369612
2.741101
3.499580
3.665139
3.274428
2.907321
3.554290
3.071991
3.348194
2.940301
4.328961
2.152770
4.001398
2.046235
4.994558
2.249563
4.007710
2.072400
4.661385
0.644875
0.792424
0.930043
0.739478
0.694211
0.720844
2.337248
3.469582
3.275428
3.953692
3.416371
3.440888
2.810473
3.673128
2.961187
3.021369
3.713018
4.020857
2.319498
3.616377
2.643036
4.507754
4.153615
1.617180
3.145692
4.522336
3.908896
5.777947
1.854432
4.601795
1.889239
4.268174
4.846874
5.212874
6.242017
2.503534
3.001836
3.434761
4.473068
