104
0.687566
1.989339
0.487904
2.854857
0.353134
1.837555
0.481218
0.414520
0.704872
0.316195
1.986894
0.061556
0.491560
1.166013
2.283462
0.829301
0.109163
0.050510
1.286621
0.725087
1.011497
2.048107
0.432628
0.630844
0.810980
0.250388
0.255604
0.257060
0.267338
0.273713
0.306044
0.061183
0.304353
0.264585
0.241186
0.280786
0.453854
0.659023
0.307941
0.646710
0.306419
0.342704
1.574313
0.525901
0.791553
0.628296
0.947682
1.534987
0.760632
1.217177
0.289278
0.618550
1.296529
0.939374
0.908667
1.003547
0.618423
0.979430
0.969594
0.414187
0.382007
0.473533
0.292373
1.040317
0.253786
1.046649
1.166814
0.727520
0.251680
0.520388
0.131553
2.401307
0.745707
0.302989
0.650539
1.023194
1.173846
0.232418
0.295708
0.441464
0.113712
0.673895
0.092902
0.328055
0.259373
0.467256
0.405841
0.462330
0.490275
0.383234
0.584723
0.521785
0.672589
0.368587
0.352661
0.531730
1.139643
0.339134
0.863395
0.368618
0.846237
0.656196
0.544353
0.824801
