0.036754 0.056714 0.04474 0.549586 -0.456218 0.699872
0.036754 0.056714 0.04474 -0.814200 -0.104803 0.571047
0.046615 0.10503 0.06708 -0.814200 -0.104803 0.571047
0.050016 0.12692 0.078691 -0.814200 -0.104803 0.571047
0.029434 0.08577 -0.020007 0.087156 0.000000 -0.996195
0.029434 0.08577 -0.020007 0.996195 0.000000 0.087156
0.029014 0.1399 -0.019052 0.996195 0.000000 0.087156
0.030576 0.16486 -0.018924 0.996195 0.000000 0.087156
0.0026354 0.09577 -0.021189 0.000000 0.000000 -1.000000
0.0026354 0.09577 -0.021189 1.000000 0.000000 0.000000
0.0023 0.1499 -0.020201 1.000000 0.000000 0.000000
0.003867 0.17486 -0.02021 1.000000 0.000000 0.000000
-0.024164 0.09057 -0.020031 -0.087156 0.000000 -0.996195
-0.024164 0.09057 -0.020031 0.996195 0.000000 -0.087156
-0.024412 0.1447 -0.019017 0.996195 0.000000 -0.087156
-0.022852 0.16966 -0.019162 0.996195 0.000000 -0.087156
-0.050761 0.07157 -0.016541 -0.173648 0.000000 -0.984808
-0.050761 0.07157 -0.016541 0.98481 0.00000 -0.17365
-0.05092 0.1257 -0.015509 0.98481 0.00000 -0.17365
-0.049378 0.15066 -0.01579 0.98481 0.00000 -0.17365