61
0.997700
3.515951
4.310326
0.507961
0.585711
1.549499
1.534583
1.650896
1.493345
1.091707
0.819923
0.757108
0.343380
0.617081
0.874253
1.369619
0.494296
0.301981
1.282195
0.817401
0.397411
2.084586
1.091207
0.657391
1.204343
0.871512
0.615429
1.194502
0.815855
1.350036
1.110859
1.860014
0.139870
1.038354
0.612769
1.674203
1.570300
0.774026
0.664307
1.788325
1.047188
0.348070
0.265790
0.260323
0.314371
0.267444
0.745726
0.877150
1.049153
1.227723
0.892479
0.816079
0.645193
1.774898
1.148843
2.079192
0.863113
1.512980
0.589094
1.385593
0.762257
