82
11.639113
3.100333
1.156064
17.334967
1.732587
1.170785
0.718210
1.749282
3.473593
3.260979
0.891871
0.960794
1.147773
1.826252
1.002562
2.788555
2.014076
1.666213
2.643304
3.709186
0.927966
2.579802
0.761941
3.580990
3.537603
2.440819
2.390921
2.048827
1.583068
2.730281
1.673055
2.128803
1.932770
3.373539
3.247898
2.475725
2.814045
3.927295
1.192157
0.881776
3.744391
2.495332
3.420936
1.311825
1.252319
1.785423
3.871724
1.290468
3.173574
1.171965
1.640235
1.211179
3.428533
3.338212
2.639398
1.800157
2.168861
2.362396
1.211237
2.781293
1.560296
1.337155
2.142259
1.442128
3.144773
2.474151
1.749545
1.130893
0.985155
2.147017
3.860324
0.980413
2.393929
1.730910
1.045941
1.902401
1.766375
1.305775
1.419538
1.497234
3.803811
1.686477
