85
2.932194
0.529532
0.385575
0.563006
0.203351
1.767255
1.003426
1.002374
0.578626
1.560095
1.002468
1.165427
0.363814
0.712814
0.567347
0.536551
0.476907
0.894850
0.880981
0.465151
1.078133
0.908776
0.321302
0.689544
1.738597
0.601814
1.632572
0.308582
0.294003
1.374330
0.535216
0.955775
1.068656
1.095194
1.222593
0.996708
3.800390
1.274463
1.168905
1.406118
1.031145
0.931505
0.935965
1.764087
0.984089
1.683811
1.091245
0.620850
0.971244
0.946776
1.021306
2.351324
1.082366
2.366548
1.298604
0.606744
1.111770
0.714620
1.038602
1.074000
1.266150
0.638773
1.098367
0.783364
2.098565
2.796382
0.312033
1.086200
0.594474
0.302392
1.444682
1.501318
1.899650
1.112628
2.108267
0.685000
1.401987
0.212918
1.020750
1.346107
1.902063
2.068365
2.076743
0.478996
1.388690
