117
0.458953
0.127409
0.229861
0.321147
0.104051
0.201951
0.201903
0.086914
0.360184
0.113402
0.245852
0.105841
0.437533
0.443519
0.083176
0.167953
0.023499
0.267863
0.150978
0.087251
0.207860
0.114963
0.028829
0.039285
0.209193
0.264004
0.047277
0.084188
0.137740
0.132394
0.032811
0.112724
0.208552
0.118458
0.214013
0.048305
0.394510
0.167085
0.197438
0.090371
0.073133
0.172045
0.064345
0.069793
0.038114
0.220962
0.020494
0.092971
0.126555
0.096965
0.153166
0.151543
0.041469
0.094389
0.046902
0.065498
0.043524
0.079729
0.159097
0.104240
0.154500
0.125802
0.050775
0.209576
0.050207
0.177880
0.060041
0.056490
0.072419
0.151696
0.026983
0.118518
0.294037
1.008395
0.002965
0.150283
0.073793
0.124419
0.122197
0.081924
0.235666
0.113651
0.846642
0.182978
0.096336
0.270436
0.020584
0.006171
0.175239
0.105954
0.064570
0.232470
0.093565
0.102841
0.076914
0.170794
0.119887
0.089177
0.135327
0.011991
0.015568
0.050111
0.028296
0.001944
0.073773
0.152476
0.063256
0.015917
0.022932
0.054383
0.029400
0.026449
0.131885
0.101903
0.100139
0.047730
0.089863
