101
1.520262
29.581051
2.139300
1.492122
2.852689
3.219418
3.263427
1.277998
4.094934
5.600015
2.071283
4.715162
2.162577
3.184664
3.232282
1.830226
0.911442
1.449839
2.192937
4.044694
1.671005
2.247270
2.191546
4.979864
2.687411
10.579263
2.210431
1.076455
3.154519
1.989131
2.134965
3.015634
4.157650
2.951372
1.612321
3.602543
4.591904
1.298479
4.457919
2.207552
4.014436
1.033672
2.067259
3.040441
0.609243
1.230275
0.583561
2.938622
4.127758
0.662164
1.423225
4.720484
4.615992
1.558956
1.892837
1.824284
4.585793
4.719259
2.592561
3.182835
2.319516
1.899273
5.353778
2.994494
2.652698
3.177448
3.532413
0.858105
1.861398
2.003805
9.072632
2.723227
4.789761
3.721711
1.917964
0.659390
0.798348
2.701041
5.155274
3.072685
1.062691
3.630659
0.516392
3.475569
4.293140
2.386703
2.915686
2.861759
2.592412
1.719382
1.744094
5.499783
1.815282
2.244754
1.261115
3.800557
2.905513
0.796505
1.919383
1.803929
4.165105
