65
30.079025
1.792840
3.584261
3.695393
1.467263
1.939008
1.211529
1.609011
1.750488
1.337951
1.684416
1.554681
1.782074
1.058181
2.210694
1.330074
2.668001
1.711126
1.561537
1.274048
1.109750
2.245718
1.693804
1.611204
1.328110
1.478558
1.682529
1.889419
1.662142
1.406393
1.548810
1.854697
1.330864
2.189679
2.042921
1.663821
1.527639
1.896631
1.506466
1.994320
1.795579
1.543155
1.527288
1.489352
1.470044
2.053228
1.501859
1.492138
1.367819
1.582822
1.365658
1.969018
1.429700
3.324321
1.731814
1.926192
2.361578
1.679959
1.596404
1.042765
1.814766
1.375234
1.191142
1.351187
1.779582
