98
1.419812
1.630303
0.953600
1.060366
1.844929
4.074086
1.790153
10.736504
2.870175
1.648631
1.999962
1.319424
7.388145
2.640340
3.700022
1.155487
3.180869
2.205381
1.832947
3.389076
1.514693
2.633640
2.180770
3.344105
2.268557
3.511293
3.342362
3.107838
0.654315
2.155732
1.961244
1.540075
1.842544
1.617196
1.863339
1.766563
1.857384
1.902745
2.004121
1.928774
1.594426
1.846588
1.566998
1.972004
1.883007
2.656612
2.015451
1.027549
2.280787
2.805175
2.013328
2.829359
2.649336
2.906739
3.277388
2.878454
2.693872
3.511963
2.129066
2.452920
2.990802
2.958589
1.841834
1.972954
1.612550
2.606296
1.772137
1.760991
2.116657
2.200489
2.268988
0.718627
1.765808
2.233106
1.724790
2.507312
2.598445
3.241120
1.970111
1.448791
3.132468
1.900883
2.931985
1.984844
1.082516
1.828093
1.691738
3.130154
1.826908
1.835813
1.872902
4.438394
1.488349
1.854221
1.969910
4.490718
1.794078
1.119977
