55
7.880236
3.946541
10.202382
8.555966
44.398212
9.592893
24.918355
9.051669
3.554372
1.592307
1.873266
8.436262
0.990299
3.326699
8.689981
6.803254
11.093878
0.657902
1.546604
8.304466
4.525316
0.474679
4.354080
1.726794
0.855921
8.585596
1.681786
4.681013
7.676911
0.600436
7.669090
0.498202
1.879488
6.664946
6.493060
4.100821
0.345575
0.964823
1.810234
7.533438
1.156913
7.239522
10.247956
0.399852
5.460246
1.044948
0.786800
9.083879
1.200138
6.092181
3.061003
10.630951
8.955449
1.940133
1.081407
