126
0.082239
0.091266
0.057374
0.099013
0.110247
0.141131
0.062495
0.059560
0.018255
0.056549
0.057233
0.065515
0.119031
0.059069
0.122002
0.045220
0.034739
0.126605
0.036722
0.039991
0.103142
0.092238
0.036841
0.095082
0.078648
0.167808
0.059015
0.036463
0.169693
0.083271
0.074418
0.030167
0.140880
0.061646
0.073140
0.088157
0.031869
0.174314
0.040626
0.132537
0.052577
0.148133
0.187452
0.115513
0.043823
0.053183
0.058654
0.140300
0.152727
0.145831
0.153974
0.176686
0.180025
0.156208
0.117055
0.027367
0.053370
0.037803
0.099872
0.043605
0.049680
0.117540
0.051074
0.047284
0.017966
0.050108
0.058887
0.028089
0.029300
0.053389
0.021938
0.037881
0.055695
0.049802
0.048289
0.027555
0.037079
0.061660
0.043365
0.179467
0.094610
0.019304
0.087034
0.071196
0.032146
0.023211
0.173736
0.076427
0.079629
0.010842
0.092192
0.075544
0.077887
0.109339
0.096121
0.094200
0.094238
0.072582
0.073832
0.078050
0.052539
0.116148
0.024034
0.027443
0.017083
0.088792
0.098910
0.078949
0.041195
0.056449
0.038969
0.152085
0.132291
0.055145
0.039575
0.052162
0.061053
0.057501
0.076363
0.052360
0.098637
0.054143
0.096278
0.029427
0.107132
0.026537
