77
17.187739
6.889699
2.092822
3.438888
1.393290
3.732037
7.764495
5.801907
8.194977
14.523577
5.390491
4.899562
3.754967
0.873127
0.799237
0.748952
1.050754
4.176869
3.300675
5.391087
1.030955
14.100154
16.350638
4.783628
0.975442
4.971215
1.055497
21.188577
6.903240
1.574427
4.914063
2.562854
3.435517
2.304423
3.448446
3.298517
3.217467
3.710907
3.648968
0.610490
1.666359
4.417710
3.589046
2.146970
3.664361
10.785320
2.111881
3.610696
1.360964
2.793357
3.407800
0.844204
3.711827
6.772395
8.309844
7.494013
3.819169
6.961268
3.548673
6.654169
4.375387
3.024790
3.290119
2.537369
2.698661
2.397690
8.275313
2.090596
7.681861
6.257830
3.234031
8.358039
2.751861
3.582319
0.868518
2.563203
2.961232
