98
0.247288
1.307554
0.556913
1.747565
1.117260
2.397668
2.389056
1.322179
3.221802
2.986819
1.975755
1.129994
1.191798
1.624448
0.597247
0.800929
1.457842
0.945969
2.108747
0.594263
1.484298
1.602135
0.434468
0.486717
0.535210
0.526281
0.497202
1.693895
1.642871
1.350694
1.309845
1.215137
0.519982
1.199573
0.534833
0.584943
2.806344
0.552294
2.890476
1.595752
0.979226
0.358658
0.435923
2.281139
1.583763
1.216782
0.557953
0.317048
1.575663
0.456125
0.319764
0.333584
1.146624
1.674780
1.604829
0.753960
0.890472
0.699704
0.324999
0.717024
0.411891
0.722936
0.845427
0.499670
0.708580
0.415019
0.349233
1.739595
0.338034
1.593813
0.488644
0.435778
0.247486
1.154952
0.699300
1.234794
0.502570
1.616730
1.153172
1.728249
0.382592
0.351857
0.861041
1.283374
0.705153
0.799574
0.258876
0.724697
0.781923
0.591502
0.725279
0.604208
0.714936
1.139287
0.959991
0.687703
0.944012
0.672112
