61
7.334795
0.550366
1.044789
1.688376
0.118583
1.283163
3.884991
1.432415
1.247327
4.034575
4.336919
4.029613
0.658445
0.711968
0.221386
0.222066
1.147027
1.488499
1.451261
0.552054
1.961913
1.230624
1.322193
2.932505
3.009496
3.648836
4.804183
4.057850
4.696745
1.919489
1.252710
2.190399
1.979746
0.732218
2.836392
3.999969
0.689959
1.512872
1.273867
1.625855
0.958412
3.908403
3.371100
3.375084
1.985929
4.244953
3.374980
3.394599
0.820559
1.605964
0.964528
1.496178
3.026305
3.171919
3.873062
3.450062
3.381909
4.030206
1.652714
0.468286
0.562449
