109
4.815672
2.241045
2.249989
3.555546
4.436511
5.116572
2.407094
5.142731
4.006061
4.823689
3.778359
2.132846
2.144145
1.048391
8.540430
2.011781
1.079537
0.862684
4.097577
8.072122
3.222553
6.619476
2.673845
3.748775
3.201766
0.722122
5.750546
9.721431
2.736611
6.075928
6.038882
5.068756
3.053015
2.430837
4.010193
2.661706
3.150660
3.095834
1.640594
2.848577
3.144294
0.978791
2.693575
1.473027
0.734038
0.722843
3.470357
1.172197
1.851409
2.813671
1.932824
3.719397
0.779477
2.451946
3.669809
1.231556
6.002972
2.783038
1.779051
3.196926
3.168473
4.135095
0.777012
2.632439
5.911356
3.487492
0.886672
0.863280
3.391725
2.111749
1.287128
4.810368
5.158905
1.366149
2.387187
3.215023
1.392059
3.832445
1.234078
2.781711
3.178676
2.361506
3.188144
1.938588
1.010042
4.204652
3.338095
3.263170
0.896498
1.392146
4.066330
0.888325
1.852696
3.311765
2.393949
1.236008
0.839069
3.313435
0.942603
1.483539
1.104820
1.130817
0.967159
0.908454
2.385837
2.140217
3.621388
2.326235
2.134543
