112
0.195895
0.231320
0.303895
0.292031
2.204286
19.462031
0.087754
0.261777
0.750689
0.275482
1.765645
0.073577
0.561717
0.473890
2.432253
26.670911
0.265026
0.498397
0.083063
0.094951
0.189258
0.200078
0.505518
0.050366
0.057624
0.126810
0.389393
1.900713
15.212028
0.114992
0.189200
4.564642
0.223542
0.481829
0.508242
8.047966
6.009879
1.541559
0.943101
1.293713
0.194096
1.942491
0.111172
0.108851
0.106453
0.175003
0.105019
1.896177
0.137610
0.278486
0.155389
0.084422
0.161755
0.087940
0.294266
0.665551
0.146642
5.845716
0.987179
0.258574
0.193660
1.436837
11.800024
0.060303
0.941489
1.783478
0.366086
0.438924
0.228060
4.716779
2.690700
0.089638
0.027927
0.045181
2.879685
0.042987
1.333772
1.059900
0.099037
1.566665
1.478258
1.317208
1.453273
0.864181
0.638618
0.165980
4.946922
0.189404
1.137028
0.417523
0.649139
0.341413
0.189319
0.080550
0.073657
0.654680
0.084580
2.317139
0.714477
0.050530
0.479138
0.192534
2.318928
0.360766
0.258324
0.042862
0.216449
0.038741
0.126954
5.742960
0.998351
0.429183
