71
123.970768
1.302936
2.900451
3.073382
1.017424
25.065322
0.466262
1.708971
2.572413
1.675941
1.264083
10.413219
0.304360
0.562719
0.843384
1.552142
2.017909
1.664236
1.740308
1.870647
0.802482
1.524921
1.998208
1.503688
1.775958
0.977203
0.376950
2.632577
0.475696
0.372286
1.964964
0.441337
0.367538
0.469482
2.413653
2.269509
2.145085
2.541286
1.493926
1.795044
1.493844
1.263791
1.824121
3.670477
2.658141
1.149354
2.868233
1.619680
1.721254
1.191192
1.501481
0.986038
1.387180
1.245731
1.500714
1.290620
1.489784
2.596152
1.609308
0.808928
1.477957
0.804784
0.397331
2.717006
5.043059
5.048394
0.282595
1.546754
0.410052
0.436352
1.032377
